9
[(0,0),(0,1)] sub 8
[(0,2),(1,1),(1,2)] add 15
[(0,3),(1,3)] sub 3
[(0,4),(0,5)] sub 2
[(0,6),(1,6)] sub 3
[(0,7),(1,7),(1,8)] mult 8
[(0,8)] '' 8
[(1,0),(2,0)] mult 63
[(1,4),(1,5)] div 2
[(3,0),(3,1),(2,1)] mult 140
[(2,2),(2,3)] sub 1
[(2,4),(3,4)] div 2
[(2,5),(3,5)] add 17
[(2,6),(2,7)] add 3
[(2,8),(3,8)] sub 2
[(3,2),(3,3)] sub 1
[(3,6),(3,7),(4,7),(5,7)] mult 972
[(4,0),(4,1)] add 8
[(4,2),(4,3)] sub 6
[(4,4)] '' 6
[(4,5),(5,5),(6,5)] add 12
[(4,6),(5,6)] add 17
[(4,8),(5,8),(6,8)] add 11
[(5,0),(5,1),(6,1)] add 13
[(5,2),(5,3)] div 2
[(5,4),(6,4)] add 6
[(6,0),(7,0),(8,0),(8,1)] add 22
[(6,2),(6,3)] sub 4
[(6,6),(6,7)] sub 3
[(7,1),(7,2),(8,2)] mult 20
[(7,3),(8,3)] sub 5
[(7,4),(7,5)] div 2
[(7,6),(8,6)] sub 4
[(7,7),(7,8),(8,7),(8,8)] add 29
[(8,4),(8,5)] sub 8
