8
[(0,0),(1,0)] sub 1
[(0,1),(0,2),(0,3)] mult 28
[(0,4),(0,5),(0,6))] add 15
[(0,7),(1,7),(1,6)] mult 24
[(1,1),(1,2),(1,3)] add 14
[(1,4),(1,5)] sub 7
[(2,0),(2,1)] sub 1
[(2,2),(3,2)] sub 4
[(2,3),(3,3)] sub 7
[(2,4),(2,5),(3,4)] add 13
[(2,6),(2,7)] add 12
[(3,0),(4,0)] sub 7
[(3,1),(4,1)] mult 42
[(3,5),(4,5)] div 4
[(3,6),(4,6)] add 10
[(3,7),(4,7)] sub 2
[(5,0),(5,1)] mult 12
[(4,2),(5,2)] mult 24
[(4,3),(5,3)] sub 3
[(4,4),(5,4),(5,5)] mult 35
[(5,6),(5,7)] div 4
[(6,0),(7,0)] sub 1
[(6,1),(6,2),(6,3),(6,4),(6,5)] add 24
[(6,6),(6,7),(7,7)] add 12
[(7,1)] '' 2
[(7,2),(7,3)] sub 1
[(7,4),(7,5),(7,6)] mult 18
